emitter:
    emissionAngle: 0.000000
    emissionRange: 60.000000
    emissionVector: [0.000000, -1.000000, 0.000000]
    emissionVectorInverted: true
    name: "fire_smoke"
    shortEffect: false
    size: [170.000000, 0.000000, 20.000000]
    type: "rect"
layer0:
    activeLODS: [1, 1, 1, 1]
    alphaOverLife: [0.000000, 0.000000, 0.060952, 0.313498, 0.702857, 0.319389, 1.000000, 0.000000]
    angle: 90.000000
    angleVariation: 90.000000
    blending: 1
    colorOverLife: [99.066147, 98.003891, 108.610893, 255.000000]
    degradeStrategy: 0
    deltaTime: 0.000000
    deltaVariation: 0.000000
    effectFormat: 1
    enableFog: false
    enableFrameBlend: false
    endTime: 1000.000000
    force0: [-30.000000, 0.000000, 0.000000]
    forceCount: 1
    frameOverLifeEnabled: false
    frameOverLifeFPS: 0.000000
    inheritPosition: true
    isLong: false
    isLooped: false
    layerType: "particles"
    life: 3.000000
    lifeVariation: 1.000000
    loopEndTime: 100.000000
    loopSpriteAnimation: true
    loopVariation: 0.000000
    name: "smoke"
    number: 10.000000
    particleOrientation: 1
    pivotPoint: [0.000000, 0.000000]
    randomFrameOnStart: false
    randomSpinDirection: true
    scaleVelocityBase: 1.000000
    scaleVelocityFactor: 0.000000
    size: [70.000000, 70.000000]
    sizeOverLifeXY: [0.000000, [1.000000, 1.000000], 0.990000, [2.000000, 2.000000]]
    sizeVariation: [20.000000, 20.000000]
    spin: 35.000000
    spinVariation: 35.000000
    sprite: "../../../../Gfx/Particles/UI/Login3.0/explosion_smoke_white"
    startTime: 0.000000
    type: "layer"
    velocity: 30.000000
    velocityVariation: 30.000000
