emitter:
    name: "smoke"
    emissionVector: [0.000000, 0.000000, 1.000000]
    emissionAngle: 0.000000
    type: "point"
    size: [0.000000, 0.000000, 0.000000]
    shortEffect: false
    emissionRange: 30.000000
    emissionVectorInverted: true
layer0:
    life: 3.000000
    stripeLifetime: 0.000000
    endTime: 0.060000
    scaleVelocityBase: 0.000000
    stripeVertexSpawnStep: 1.000000
    stripeStartSize: 0.000000
    type: "layer"
    stripeUScrollSpeed: 0.000000
    enableFlow: false
    stripeVScrollSpeed: 0.000000
    colorOverLife: [121.000000, 121.000000, 126.000000, 255.000000]
    stripeFadeDistanceFromTop: 0.000000
    name: "smoke"
    layerType: "particles"
    degradeStrategy: 2
    particleOrientation: 1
    inheritPosition: false
    isLong: false
    randomSpinDirection: true
    pivotPoint: [0.000000, 0.000000]
    effectFormat: 1
    useFresToAlpha: false
    fresToAlphaBias: 0.000000
    fresToAlphaPower: 0.000000
    alphaRemapLoopCount: 1.000000
    force0: [0.000000, 0.000000, -10.000000]
    size: [0.750000, 0.750000]
    sprite: "../../../../../../Data/Gfx/Particles/alpha/fog"
    alphaOverLife: [0.000000, 0.483700, 0.645600, 0.430900, 0.990000, 0.000000]
    enableAlphaRemap: false
    blending: 1
    deltaTime: 0.000000
    enableFlowAnimation: false
    enableNoise: false
    useNoiseScroll: false
    useThreePointGradient: false
    stripeInheritPositionForBase: false
    enableFog: true
    enableFrameBlend: false
    loopEndTime: 4.000000
    scaleVelocityFactor: 0.000000
    startTime: 0.000000
    gradientMiddlePoint: 0.500000
    lifeVariation: 0.500000
    applyGlobalForces: false
    loopVariation: 0.000000
    loopSpriteAnimation: false
    number: 150.000000
    sizeOverLifeXY: [0.000000, [1.000000, 1.000000], 1.000000, [4.000000, 4.000000]]
    velocity: 3.000000
    frameOverLifeEnabled: false
    velocityVariation: 13.000000
    velocityOverLife: [0.000000, 1.000000, 0.050900, 0.065700, 0.990000, 0.000000]
    frameOverLifeFPS: 100.000000
    spin: 10.000000
    spinVariation: 10.000000
    angle: 90.000000
    angleVariation: 90.000000
    randomFrameOnStart: false
    isLooped: false
    deltaVariation: 0.000000
    usePerspectiveMapping: false
    activeLODS: [0, 1, 0, 0]
    forceCount: 1
