emitter:
    emissionAngle: 0.000000
    emissionRange: 60.000000
    emissionVector: [0.000000, -1.000000, 1.000000]
    emissionVectorInverted: true
    name: "sparks"
    shortEffect: false
    size: [0.000000, 0.000000, 0.000000]
    type: "point"
layer0:
    activeLODS: [0, 1, 0, 0]
    alphaOverLife: 0.200000
    blending: 2
    degradeStrategy: 0
    deltaTime: 0.000000
    deltaVariation: 0.000000
    effectFormat: 1
    enableFog: true
    enableFrameBlend: false
    endTime: 0.100000
    force0: [0.000000, 0.000000, -30.000000]
    forceCount: 1
    frameOverLifeEnabled: false
    frameOverLifeFPS: 0.000000
    inheritPosition: false
    isLong: true
    isLooped: false
    layerType: "particles"
    life: 0.900000
    lifeVariation: 0.900000
    loopEndTime: 4.000000
    loopSpriteAnimation: true
    loopVariation: 0.000000
    name: "sparks1"
    number: 3000.000000
    particleOrientation: 1
    pivotPoint: [0.000000, 0.000000]
    randomFrameOnStart: false
    randomSpinDirection: false
    scaleVelocityBase: 0.000000
    scaleVelocityFactor: 1.000000
    size: [0.100000, 0.050000]
    sprite: "../../../../../Data/Gfx/Particles/Bullet/Iskra"
    startTime: 0.000000
    type: "layer"
    velocity: 1.000000
    velocityOverLife: [0.000000, 1.000000, 0.093000, 0.560100, 0.996500, 0.507600]
    velocityVariation: 35.000000
layer1:
    activeLODS: [0, 1, 0, 0]
    alphaOverLife: 0.423500
    blending: 3
    degradeStrategy: 0
    deltaTime: 0.000000
    deltaVariation: 0.000000
    effectFormat: 1
    enableFog: false
    enableFrameBlend: false
    endTime: 0.100000
    force0: [0.000000, 0.000000, -30.000000]
    forceCount: 1
    forceOverLife0: [0.000000, 1.000000, 1.000000, 0.000000]
    frameOverLifeEnabled: false
    frameOverLifeFPS: 0.000000
    inheritPosition: false
    isLong: true
    isLooped: false
    layerType: "particles"
    life: 0.900000
    lifeVariation: 0.900000
    loopEndTime: 4.000000
    loopSpriteAnimation: true
    loopVariation: 0.000000
    name: "sparks2"
    number: 3000.000000
    particleOrientation: 1
    pivotPoint: [0.000000, 0.000000]
    randomFrameOnStart: false
    randomSpinDirection: false
    scaleVelocityBase: 0.000000
    scaleVelocityFactor: 0.200000
    size: [0.100000, 0.050000]
    sprite: "../../../../../Data/Gfx/Particles/Bullet/Iskra"
    startTime: 0.000000
    type: "layer"
    velocity: 20.000000
    velocityOverLife: [0.000000, 1.000000, 0.093000, 0.560100, 0.996500, 0.507600]
    velocityVariation: 35.000000
layer2:
    activeLODS: [1, 0, 0, 0]
    alphaOverLife: 0.700000
    blending: 2
    degradeStrategy: 0
    deltaTime: 0.000000
    deltaVariation: 0.000000
    effectFormat: 1
    enableFog: true
    enableFrameBlend: false
    endTime: 0.100000
    force0: [0.000000, 0.000000, -30.000000]
    forceCount: 1
    frameOverLifeEnabled: false
    frameOverLifeFPS: 0.000000
    inheritPosition: false
    isLong: true
    isLooped: false
    layerType: "particles"
    life: 0.900000
    loopEndTime: 4.000000
    loopSpriteAnimation: true
    loopVariation: 0.000000
    name: "sparksLod"
    number: 3000.000000
    particleOrientation: 1
    pivotPoint: [0.000000, 0.000000]
    randomFrameOnStart: false
    randomSpinDirection: false
    scaleVelocityBase: 0.100000
    scaleVelocityFactor: 0.300000
    size: [0.100000, 0.050000]
    sprite: "../../../../../Data/Gfx/Particles/Bullet/Iskra"
    startTime: 0.000000
    type: "layer"
    velocity: 1.000000
    velocityOverLife: [0.000000, 1.000000, 0.093000, 0.560100, 0.996500, 0.507600]
    velocityVariation: 35.000000
