emitter:
    size: [0.000000, 0.000000, 0.000000]
    name: "dust"
    type: "shockwave"
    emissionVectorInverted: true
    shortEffect: false
    emissionAngle: 0.000000
    emissionRange: 0.000000
    emissionVector: [0.000000, 0.000000, 1.000000]
    radius: 0.100000
layer0:
    name: "dust3"
    enableFog: true
    sprite: "../../../../../../Data/Gfx/Particles/alpha/explosion_smoke_white"
    type: "layer"
    lifeVariation: 1.000000
    isLong: false
    layerType: "particles"
    blending: 1
    degradeStrategy: 2
    pivotPoint: [0.000000, 0.000000]
    loopVariation: 0.000000
    angle: 90.000000
    enableFrameBlend: false
    scaleVelocityBase: 0.000000
    forceCount: 1
    scaleVelocityFactor: 0.000000
    life: 3.000000
    number: 20.000000
    spinVariation: 20.000000
    size: [0.750000, 0.750000]
    sizeOverLifeXY: [0.000000, [1.000000, 1.000000], 1.000000, [4.000000, 4.000000]]
    velocity: 10.000000
    forceOverLife0: [0.000000, 1.000000, 0.990000, 0.000000]
    velocityOverLife: [0.000000, 1.000000, 0.020000, 0.040000, 0.300000, 0.000000]
    spin: 20.000000
    randomSpinDirection: true
    angleVariation: 90.000000
    alphaOverLife: [0.000000, 0.981300, 0.482500, 0.872800, 0.990000, 0.000000]
    colorOverLife: [179.000000, 132.000000, 81.000000, 255.000000]
    frameOverLifeEnabled: false
    frameOverLifeFPS: 6.000000
    randomFrameOnStart: false
    loopSpriteAnimation: false
    deltaTime: 0.000000
    startTime: 0.000000
    endTime: 0.500000
    isLooped: false
    deltaVariation: 0.000000
    loopEndTime: 4.000000
    inheritPosition: false
    particleOrientation: 1
    activeLODS: [0, 1, 0, 0]
    effectFormat: 1
    force0: [0.000000, 0.000000, 0.100000]
