emitter:
    size: [0.000000, 0.000000, 0.000000]
    name: "smoke"
    type: "point"
    emissionVectorInverted: true
    shortEffect: false
    emissionAngle: 0.000000
    emissionVector: [0.000000, 0.000000, 1.000000]
    emissionRange: 30.000000
layer0:
    name: "smoke"
    enableFog: true
    sprite: "../../../../../../Data/Gfx/Particles/alpha/fog"
    type: "layer"
    lifeVariation: 0.500000
    isLong: false
    layerType: "particles"
    blending: 1
    degradeStrategy: 2
    pivotPoint: [0.000000, 0.000000]
    loopVariation: 0.000000
    angle: 90.000000
    enableFrameBlend: false
    scaleVelocityBase: 0.000000
    forceCount: 1
    scaleVelocityFactor: 0.000000
    life: 3.000000
    number: 150.000000
    spinVariation: 10.000000
    size: [0.750000, 0.750000]
    velocityVariation: 13.000000
    sizeOverLifeXY: [0.000000, [1.000000, 1.000000], 1.000000, [4.000000, 4.000000]]
    velocity: 3.000000
    velocityOverLife: [0.000000, 1.000000, 0.050900, 0.065700, 0.990000, 0.000000]
    spin: 10.000000
    randomSpinDirection: true
    angleVariation: 90.000000
    alphaOverLife: [0.000000, 0.483700, 0.645600, 0.430900, 0.990000, 0.000000]
    colorOverLife: [121.000000, 121.000000, 126.000000, 255.000000]
    frameOverLifeEnabled: false
    frameOverLifeFPS: 100.000000
    randomFrameOnStart: false
    loopSpriteAnimation: false
    deltaTime: 0.000000
    startTime: 0.000000
    endTime: 0.060000
    isLooped: false
    deltaVariation: 0.000000
    loopEndTime: 4.000000
    inheritPosition: false
    particleOrientation: 1
    activeLODS: [0, 1, 0, 0]
    effectFormat: 1
    force0: [0.000000, 0.000000, -10.000000]
